0 N 2 166.155 147.274
0 N 3 412.87 115.805
0 N 4 290.771 326.016
0 N 5 512.311 62.9375
0 N 6 881.125 62.9375
0 N 7 696.089 147.274
0 N 8 607.976 399.024
0 N 9 166.155 47.8325
0 N 10 47.8325 47.8325
0 L 2 4
0 L 3 4
0 L 4 2
0 L 4 3
0 L 4 8
0 L 5 7
0 L 6 7
0 L 7 5
0 L 7 6
0 L 7 8
0 L 8 4
0 L 8 7
1 P 2 4 1.000828 1.0000001 1.0008281
1 P 3 4 1.000828 1.0000001 1.0008281
1 P 4 8 1.000828 1.0000001 1.0008281
1 P 5 7 1.000828 1.0000001 1.0008281
1 P 6 7 1.000828 1.0000001 1.0008281
1 P 7 8 1.000828 1.0000001 1.0008281
1.0008281 P 4 2 1.0016561 1.0008282 1.0016562
1.0008281 P 4 3 1.0016561 1.0008282 1.0016562
1.0008281 P 8 4 1.0016561 1.0008282 1.0016562
1.0008281 P 7 5 1.0016561 1.0008282 1.0016562
1.0008281 P 7 6 1.0016561 1.0008282 1.0016562
1.0008281 P 8 7 1.0016561 1.0008282 1.0016562
2 P 2 4 2.000828 2.0000001 2.0008281
2 P 3 4 2.000828 2.0000001 2.0008281
2 P 4 8 2.000828 2.0000001 2.0008281
2 P 5 7 2.000828 2.0000001 2.0008281
2 P 6 7 2.000828 2.0000001 2.0008281
2 P 7 8 2.000828 2.0000001 2.0008281
2.0008281 P 4 2 2.0016561 2.0008282 2.0016562
2.0008281 P 4 3 2.0016561 2.0008282 2.0016562
2.0008281 P 8 4 2.0016561 2.0008282 2.0016562
2.0008281 P 7 5 2.0016561 2.0008282 2.0016562
2.0008281 P 7 6 2.0016561 2.0008282 2.0016562
2.0008281 P 8 7 2.0016561 2.0008282 2.0016562
3 P 2 4 3.000828 3.0000001 3.0008281
3 P 3 4 3.000828 3.0000001 3.0008281
3 P 4 8 3.000828 3.0000001 3.0008281
3 P 5 7 3.000828 3.0000001 3.0008281
3 P 6 7 3.000828 3.0000001 3.0008281
3 P 7 8 3.000828 3.0000001 3.0008281
3.0008281 P 4 2 3.0016561 3.0008282 3.0016562
3.0008281 P 4 3 3.0016561 3.0008282 3.0016562
3.0008281 P 8 4 3.0016561 3.0008282 3.0016562
3.0008281 P 7 5 3.0016561 3.0008282 3.0016562
3.0008281 P 7 6 3.0016561 3.0008282 3.0016562
3.0008281 P 8 7 3.0016561 3.0008282 3.0016562
4 P 2 4 4.000828 4.0000001 4.0008281
4 P 3 4 4.000828 4.0000001 4.0008281
4 P 4 8 4.000828 4.0000001 4.0008281
4 P 5 7 4.000828 4.0000001 4.0008281
4 P 6 7 4.000828 4.0000001 4.0008281
4 P 7 8 4.000828 4.0000001 4.0008281
4.0008281 P 4 2 4.0016561 4.0008282 4.0016562
4.0008281 P 4 3 4.0016561 4.0008282 4.0016562
4.0008281 P 8 4 4.0016561 4.0008282 4.0016562
4.0008281 P 7 5 4.0016561 4.0008282 4.0016562
4.0008281 P 7 6 4.0016561 4.0008282 4.0016562
4.0008281 P 8 7 4.0016561 4.0008282 4.0016562
5 P 2 4 5.000828 5.0000001 5.0008281
5 P 3 4 5.000828 5.0000001 5.0008281
5 P 4 8 5.000828 5.0000001 5.0008281
5 P 5 7 5.000828 5.0000001 5.0008281
5 P 6 7 5.000828 5.0000001 5.0008281
5 P 7 8 5.000828 5.0000001 5.0008281
5.0008281 P 4 2 5.0016561 5.0008282 5.0016562
5.0008281 P 4 3 5.0016561 5.0008282 5.0016562
5.0008281 P 8 4 5.0016561 5.0008282 5.0016562
5.0008281 P 7 5 5.0016561 5.0008282 5.0016562
5.0008281 P 7 6 5.0016561 5.0008282 5.0016562
5.0008281 P 8 7 5.0016561 5.0008282 5.0016562
6 P 2 4 6.000828 6.0000001 6.0008281
6 P 3 4 6.000828 6.0000001 6.0008281
6 P 4 8 6.000828 6.0000001 6.0008281
6 P 5 7 6.000828 6.0000001 6.0008281
6 P 6 7 6.000828 6.0000001 6.0008281
6 P 7 8 6.000828 6.0000001 6.0008281
6.0008281 P 4 2 6.0016561 6.0008282 6.0016562
6.0008281 P 4 3 6.0016561 6.0008282 6.0016562
6.0008281 P 8 4 6.0016561 6.0008282 6.0016562
6.0008281 P 7 5 6.0016561 6.0008282 6.0016562
6.0008281 P 7 6 6.0016561 6.0008282 6.0016562
6.0008281 P 8 7 6.0016561 6.0008282 6.0016562
7 P 2 4 7.000828 7.0000001 7.0008281
7 P 3 4 7.000828 7.0000001 7.0008281
7 P 4 8 7.000828 7.0000001 7.0008281
7 P 5 7 7.000828 7.0000001 7.0008281
7 P 6 7 7.000828 7.0000001 7.0008281
7 P 7 8 7.000828 7.0000001 7.0008281
7.0008281 P 4 2 7.0016561 7.0008282 7.0016562
7.0008281 P 4 3 7.0016561 7.0008282 7.0016562
7.0008281 P 8 4 7.0016561 7.0008282 7.0016562
7.0008281 P 7 5 7.0016561 7.0008282 7.0016562
7.0008281 P 7 6 7.0016561 7.0008282 7.0016562
7.0008281 P 8 7 7.0016561 7.0008282 7.0016562
8 P 2 4 8.000828 8.0000001 8.0008281
8 P 3 4 8.000828 8.0000001 8.0008281
8 P 4 8 8.000828 8.0000001 8.0008281
8 P 5 7 8.000828 8.0000001 8.0008281
8 P 6 7 8.000828 8.0000001 8.0008281
8 P 7 8 8.000828 8.0000001 8.0008281
8.0008281 P 4 2 8.0016561 8.0008282 8.0016562
8.0008281 P 4 3 8.0016561 8.0008282 8.0016562
8.0008281 P 8 4 8.0016561 8.0008282 8.0016562
8.0008281 P 7 5 8.0016561 8.0008282 8.0016562
8.0008281 P 7 6 8.0016561 8.0008282 8.0016562
8.0008281 P 8 7 8.0016561 8.0008282 8.0016562
9 P 2 4 9.000828 9.0000001 9.0008281
9 P 3 4 9.000828 9.0000001 9.0008281
9 P 4 8 9.000828 9.0000001 9.0008281
9 P 5 7 9.000828 9.0000001 9.0008281
9 P 6 7 9.000828 9.0000001 9.0008281
9 P 7 8 9.000828 9.0000001 9.0008281
9.0008281 P 4 2 9.0016561 9.0008282 9.0016562
9.0008281 P 4 3 9.0016561 9.0008282 9.0016562
9.0008281 P 8 4 9.0016561 9.0008282 9.0016562
9.0008281 P 7 5 9.0016561 9.0008282 9.0016562
9.0008281 P 7 6 9.0016561 9.0008282 9.0016562
9.0008281 P 8 7 9.0016561 9.0008282 9.0016562
10 P 2 4 10.000828 10.0000001 10.0008281
10 P 3 4 10.000828 10.0000001 10.0008281
10 P 4 8 10.000828 10.0000001 10.0008281
10 P 5 7 10.000828 10.0000001 10.0008281
10 P 6 7 10.000828 10.0000001 10.0008281
10 P 7 8 10.000828 10.0000001 10.0008281
10.0008281 P 4 2 10.0016561 10.0008282 10.0016562
10.0008281 P 4 3 10.0016561 10.0008282 10.0016562
10.0008281 P 8 4 10.0016561 10.0008282 10.0016562
10.0008281 P 7 5 10.0016561 10.0008282 10.0016562
10.0008281 P 7 6 10.0016561 10.0008282 10.0016562
10.0008281 P 8 7 10.0016561 10.0008282 10.0016562
11 P 2 4 11.000828 11.0000001 11.0008281
11 P 3 4 11.000828 11.0000001 11.0008281
11 P 4 8 11.000828 11.0000001 11.0008281
11 P 5 7 11.000828 11.0000001 11.0008281
11 P 6 7 11.000828 11.0000001 11.0008281
11 P 7 8 11.000828 11.0000001 11.0008281
11.0008281 P 4 2 11.0016561 11.0008282 11.0016562
11.0008281 P 4 3 11.0016561 11.0008282 11.0016562
11.0008281 P 8 4 11.0016561 11.0008282 11.0016562
11.0008281 P 7 5 11.0016561 11.0008282 11.0016562
11.0008281 P 7 6 11.0016561 11.0008282 11.0016562
11.0008281 P 8 7 11.0016561 11.0008282 11.0016562
12 P 2 4 12.000828 12.0000001 12.0008281
12 P 3 4 12.000828 12.0000001 12.0008281
12 P 4 8 12.000828 12.0000001 12.0008281
12 P 5 7 12.000828 12.0000001 12.0008281
12 P 6 7 12.000828 12.0000001 12.0008281
12 P 7 8 12.000828 12.0000001 12.0008281
12.0008281 P 4 2 12.0016561 12.0008282 12.0016562
12.0008281 P 4 3 12.0016561 12.0008282 12.0016562
12.0008281 P 8 4 12.0016561 12.0008282 12.0016562
12.0008281 P 7 5 12.0016561 12.0008282 12.0016562
12.0008281 P 7 6 12.0016561 12.0008282 12.0016562
12.0008281 P 8 7 12.0016561 12.0008282 12.0016562
13 P 2 4 13.000828 13.0000001 13.0008281
13 P 3 4 13.000828 13.0000001 13.0008281
13 P 4 8 13.000828 13.0000001 13.0008281
13 P 5 7 13.000828 13.0000001 13.0008281
13 P 6 7 13.000828 13.0000001 13.0008281
13 P 7 8 13.000828 13.0000001 13.0008281
13.0008281 P 4 2 13.0016561 13.0008282 13.0016562
13.0008281 P 4 3 13.0016561 13.0008282 13.0016562
13.0008281 P 8 4 13.0016561 13.0008282 13.0016562
13.0008281 P 7 5 13.0016561 13.0008282 13.0016562
13.0008281 P 7 6 13.0016561 13.0008282 13.0016562
13.0008281 P 8 7 13.0016561 13.0008282 13.0016562
14 P 2 4 14.000828 14.0000001 14.0008281
14 P 3 4 14.000828 14.0000001 14.0008281
14 P 4 8 14.000828 14.0000001 14.0008281
14 P 5 7 14.000828 14.0000001 14.0008281
14 P 6 7 14.000828 14.0000001 14.0008281
14 P 7 8 14.000828 14.0000001 14.0008281
14.0008281 P 4 2 14.0016561 14.0008282 14.0016562
14.0008281 P 4 3 14.0016561 14.0008282 14.0016562
14.0008281 P 8 4 14.0016561 14.0008282 14.0016562
14.0008281 P 7 5 14.0016561 14.0008282 14.0016562
14.0008281 P 7 6 14.0016561 14.0008282 14.0016562
14.0008281 P 8 7 14.0016561 14.0008282 14.0016562
15 P 2 4 15.000828 15.0000001 15.0008281
15 P 3 4 15.000828 15.0000001 15.0008281
15 P 4 8 15.000828 15.0000001 15.0008281
15 P 5 7 15.000828 15.0000001 15.0008281
15 P 6 7 15.000828 15.0000001 15.0008281
15 P 7 8 15.000828 15.0000001 15.0008281
15.0008281 P 4 2 15.0016561 15.0008282 15.0016562
15.0008281 P 4 3 15.0016561 15.0008282 15.0016562
15.0008281 P 8 4 15.0016561 15.0008282 15.0016562
15.0008281 P 7 5 15.0016561 15.0008282 15.0016562
15.0008281 P 7 6 15.0016561 15.0008282 15.0016562
15.0008281 P 8 7 15.0016561 15.0008282 15.0016562
16 P 2 4 16.000828 16.0000001 16.0008281
16 P 3 4 16.000828 16.0000001 16.0008281
16 P 4 8 16.000828 16.0000001 16.0008281
16 P 5 7 16.000828 16.0000001 16.0008281
16 P 6 7 16.000828 16.0000001 16.0008281
16 P 7 8 16.000828 16.0000001 16.0008281
16.0008281 P 4 2 16.0016561 16.0008282 16.0016562
16.0008281 P 4 3 16.0016561 16.0008282 16.0016562
16.0008281 P 8 4 16.0016561 16.0008282 16.0016562
16.0008281 P 7 5 16.0016561 16.0008282 16.0016562
16.0008281 P 7 6 16.0016561 16.0008282 16.0016562
16.0008281 P 8 7 16.0016561 16.0008282 16.0016562
17 P 2 4 17.000828 17.0000001 17.0008281
17 P 3 4 17.000828 17.0000001 17.0008281
17 P 4 8 17.000828 17.0000001 17.0008281
17 P 5 7 17.000828 17.0000001 17.0008281
17 P 6 7 17.000828 17.0000001 17.0008281
17 P 7 8 17.000828 17.0000001 17.0008281
17.0008281 P 4 2 17.0016561 17.0008282 17.0016562
17.0008281 P 4 3 17.0016561 17.0008282 17.0016562
17.0008281 P 8 4 17.0016561 17.0008282 17.0016562
17.0008281 P 7 5 17.0016561 17.0008282 17.0016562
17.0008281 P 7 6 17.0016561 17.0008282 17.0016562
17.0008281 P 8 7 17.0016561 17.0008282 17.0016562
18 P 2 4 18.000828 18.0000001 18.0008281
18 P 3 4 18.000828 18.0000001 18.0008281
18 P 4 8 18.000828 18.0000001 18.0008281
18 P 5 7 18.000828 18.0000001 18.0008281
18 P 6 7 18.000828 18.0000001 18.0008281
18 P 7 8 18.000828 18.0000001 18.0008281
18.0008281 P 4 2 18.0016561 18.0008282 18.0016562
18.0008281 P 4 3 18.0016561 18.0008282 18.0016562
18.0008281 P 8 4 18.0016561 18.0008282 18.0016562
18.0008281 P 7 5 18.0016561 18.0008282 18.0016562
18.0008281 P 7 6 18.0016561 18.0008282 18.0016562
18.0008281 P 8 7 18.0016561 18.0008282 18.0016562
19 P 2 4 19.000828 19.0000001 19.0008281
19 P 3 4 19.000828 19.0000001 19.0008281
19 P 4 8 19.000828 19.0000001 19.0008281
19 P 5 7 19.000828 19.0000001 19.0008281
19 P 6 7 19.000828 19.0000001 19.0008281
19 P 7 8 19.000828 19.0000001 19.0008281
19.0008281 P 4 2 19.0016561 19.0008282 19.0016562
19.0008281 P 4 3 19.0016561 19.0008282 19.0016562
19.0008281 P 8 4 19.0016561 19.0008282 19.0016562
19.0008281 P 7 5 19.0016561 19.0008282 19.0016562
19.0008281 P 7 6 19.0016561 19.0008282 19.0016562
19.0008281 P 8 7 19.0016561 19.0008282 19.0016562
20 P 2 4 20.000828 20.0000001 20.0008281
20 P 3 4 20.000828 20.0000001 20.0008281
20 P 4 8 20.000828 20.0000001 20.0008281
20 P 5 7 20.000828 20.0000001 20.0008281
20 P 6 7 20.000828 20.0000001 20.0008281
20 P 7 8 20.000828 20.0000001 20.0008281
20.0008281 P 4 2 20.0016561 20.0008282 20.0016562
20.0008281 P 4 3 20.0016561 20.0008282 20.0016562
20.0008281 P 8 4 20.0016561 20.0008282 20.0016562
20.0008281 P 7 5 20.0016561 20.0008282 20.0016562
20.0008281 P 7 6 20.0016561 20.0008282 20.0016562
20.0008281 P 8 7 20.0016561 20.0008282 20.0016562
21 P 2 4 21.000828 21.0000001 21.0008281
21 P 3 4 21.000828 21.0000001 21.0008281
21 P 4 8 21.000828 21.0000001 21.0008281
21 P 5 7 21.000828 21.0000001 21.0008281
21 P 6 7 21.000828 21.0000001 21.0008281
21 P 7 8 21.000828 21.0000001 21.0008281
21.0008281 P 4 2 21.0016561 21.0008282 21.0016562
21.0008281 P 4 3 21.0016561 21.0008282 21.0016562
21.0008281 P 8 4 21.0016561 21.0008282 21.0016562
21.0008281 P 7 5 21.0016561 21.0008282 21.0016562
21.0008281 P 7 6 21.0016561 21.0008282 21.0016562
21.0008281 P 8 7 21.0016561 21.0008282 21.0016562
22 P 2 4 22.000828 22.0000001 22.0008281
22 P 3 4 22.000828 22.0000001 22.0008281
22 P 4 8 22.000828 22.0000001 22.0008281
22 P 5 7 22.000828 22.0000001 22.0008281
22 P 6 7 22.000828 22.0000001 22.0008281
22 P 7 8 22.000828 22.0000001 22.0008281
22.0008281 P 4 2 22.0016561 22.0008282 22.0016562
22.0008281 P 4 3 22.0016561 22.0008282 22.0016562
22.0008281 P 8 4 22.0016561 22.0008282 22.0016562
22.0008281 P 7 5 22.0016561 22.0008282 22.0016562
22.0008281 P 7 6 22.0016561 22.0008282 22.0016562
22.0008281 P 8 7 22.0016561 22.0008282 22.0016562
23 P 2 4 23.000828 23.0000001 23.0008281
23 P 3 4 23.000828 23.0000001 23.0008281
23 P 4 8 23.000828 23.0000001 23.0008281
23 P 5 7 23.000828 23.0000001 23.0008281
23 P 6 7 23.000828 23.0000001 23.0008281
23 P 7 8 23.000828 23.0000001 23.0008281
23.0008281 P 4 2 23.0016561 23.0008282 23.0016562
23.0008281 P 4 3 23.0016561 23.0008282 23.0016562
23.0008281 P 8 4 23.0016561 23.0008282 23.0016562
23.0008281 P 7 5 23.0016561 23.0008282 23.0016562
23.0008281 P 7 6 23.0016561 23.0008282 23.0016562
23.0008281 P 8 7 23.0016561 23.0008282 23.0016562
24 P 2 4 24.000828 24.0000001 24.0008281
24 P 3 4 24.000828 24.0000001 24.0008281
24 P 4 8 24.000828 24.0000001 24.0008281
24 P 5 7 24.000828 24.0000001 24.0008281
24 P 6 7 24.000828 24.0000001 24.0008281
24 P 7 8 24.000828 24.0000001 24.0008281
24.0008281 P 4 2 24.0016561 24.0008282 24.0016562
24.0008281 P 4 3 24.0016561 24.0008282 24.0016562
24.0008281 P 8 4 24.0016561 24.0008282 24.0016562
24.0008281 P 7 5 24.0016561 24.0008282 24.0016562
24.0008281 P 7 6 24.0016561 24.0008282 24.0016562
24.0008281 P 8 7 24.0016561 24.0008282 24.0016562
25 P 2 4 25.000828 25.0000001 25.0008281
25 P 3 4 25.000828 25.0000001 25.0008281
25 P 5 7 25.000828 25.0000001 25.0008281
25 P 6 7 25.000828 25.0000001 25.0008281
25.0008281 P 4 2 25.0008785 25.0008282 25.0008786
25.0008281 P 4 3 25.0008785 25.0008282 25.0008786
25.0008281 P 7 5 25.0008785 25.0008282 25.0008786
25.0008281 P 7 6 25.0008785 25.0008282 25.0008786
50 P 2 4 50.000828 50.0000001 50.0008281
50 P 3 4 50.000828 50.0000001 50.0008281
50 P 5 7 50.000828 50.0000001 50.0008281
50 P 6 7 50.000828 50.0000001 50.0008281
50 P 4 8 50.000828 50.0000001 50.0008281
50 P 7 8 50.000828 50.0000001 50.0008281
50.0008281 P 4 2 50.0016561 50.0008282 50.0016562
50.0008281 P 4 3 50.0016561 50.0008282 50.0016562
50.0008281 P 7 5 50.0016561 50.0008282 50.0016562
50.0008281 P 7 6 50.0016561 50.0008282 50.0016562
50.0008281 P 8 4 50.0016561 50.0008282 50.0016562
50.0008281 P 8 7 50.0016561 50.0008282 50.0016562
51 P 2 4 51.000828 51.0000001 51.0008281
51 P 3 4 51.000828 51.0000001 51.0008281
51 P 5 7 51.000828 51.0000001 51.0008281
51 P 6 7 51.000828 51.0000001 51.0008281
51 P 4 8 51.000828 51.0000001 51.0008281
51 P 7 8 51.000828 51.0000001 51.0008281
51.0008281 P 4 2 51.0016561 51.0008282 51.0016562
51.0008281 P 4 3 51.0016561 51.0008282 51.0016562
51.0008281 P 7 5 51.0016561 51.0008282 51.0016562
51.0008281 P 7 6 51.0016561 51.0008282 51.0016562
51.0008281 P 8 4 51.0016561 51.0008282 51.0016562
51.0008281 P 8 7 51.0016561 51.0008282 51.0016562
52 P 2 4 52.000828 52.0000001 52.0008281
52 P 3 4 52.000828 52.0000001 52.0008281
52 P 5 7 52.000828 52.0000001 52.0008281
52 P 6 7 52.000828 52.0000001 52.0008281
52 P 4 8 52.000828 52.0000001 52.0008281
52 P 7 8 52.000828 52.0000001 52.0008281
