0 N 2 114 223
0 N 3 466.257 355.507
0 N 4 402 100
0 L 2 3
0 L 3 2
1 P 2 3 1.00408 1.02 1.02408
1.02408 P 3 2 1.02816 1.04408 1.04816
1.04816 P 2 3 1.05192 1.06816 1.07192
1.05192 P 2 3 1.07168 1.07192 1.09168
1.09168 P 3 2 1.09544 1.11168 1.11544
1.09544 P 3 2 1.14208 1.11544 1.16208
1.16208 P 2 3 1.16584 1.18208 1.18584
1.16584 P 2 3 1.1696 1.18584 1.1896
1.18584 P 3 2 1.23248 1.20584 1.25248
1.23248 P 3 2 1.27912 1.25248 1.29912
1.25248 P 2 3 1.25624 1.27248 1.27624
1.27912 P 3 2 1.28288 1.29912 1.30288
1.28288 P 3 2 1.32952 1.30288 1.34952
1.29912 P 2 3 1.30288 1.31912 1.32288
1.32952 P 3 2 1.37616 1.34952 1.39616
1.34952 P 2 3 1.35328 1.36952 1.37328
1.37616 P 3 2 1.4228 1.39616 1.4428
1.39616 P 2 3 1.39992 1.41616 1.41992
1.4228 P 3 2 1.46944 1.4428 1.48944
1.4428 P 2 3 1.44656 1.4628 1.46656
1.46944 P 3 2 1.51608 1.48944 1.53608
1.48944 P 2 3 1.4932 1.50944 1.5132
1.51608 P 3 2 1.56272 1.53608 1.58272
1.53608 P 2 3 1.53984 1.55608 1.55984
1.56272 P 3 2 1.60936 1.58272 1.62936
1.58272 P 2 3 1.58648 1.60272 1.60648
1.60936 P 3 2 1.656 1.62936 1.676
